17.3185 62.8155 30.4953 55.0812 62.5796 24.3684 17.4522 38.5806 85.1224 93.9608 
9.98319 12.5984 15.2858 19.8704 97.6161 2.58964 18.1096 61.7732 74.867 27.3554 
64.1594 26.9783 43.117 82.4053 46.4524 24.3102 65.1891 41.7619 44.3141 87.2886 
68.4591 47.8748 46.0911 50.5743 9.16252 85.3432 94.1892 7.56786 7.71672 0.800392 
85.4516 56.1653 59.0007 74.9591 53.0243 14.7251 94.3325 5.72141 60.7669 23.7401 
10.4881 48.6238 68.1245 8.43639 88.7176 90.8245 58.6162 30.8824 95.9549 57.1958 
4.87022 38.4032 91.1347 60.5682 51.7047 32.2768 14.1173 10.0562 68.0616 78.1494 
62.274 52.8147 65.8113 38.9912 45.8415 67.343 76.569 8.69744 89.3929 89.9325 
44.775 28.1868 15.539 6.06894 61.2817 34.7109 18.6757 77.3148 28.8607 42.8709 
18.6254 45.4782 89.355 8.04345 24.7126 27.4499 38.4458 27.7864 50.017 63.9101 
4.50143 35.4113 28.7276 35.2167 66.8815 16.9687 10.3373 56.4647 5.52711 94.8963 
12.6512 56.3817 7.20161 44.8668 71.1515 50.2897 40.7902 67.1465 67.0815 58.3868 
6.73041 73.6261 76.9714 96.8163 53.2992 18.121 20.1909 7.11899 67.625 26.6076 
10.3408 14.009 30.2339 58.9046 8.50362 34.9827 21.1908 25.4277 81.5418 15.3113 
79.5902 57.8452 18.6371 90.0064 71.2993 53.835 18.4097 61.7021 90.071 35.4595 
8.24404 95.1568 69.404 16.9025 76.3174 55.6555 47.615 44.4762 53.5584 34.5403 
29.9011 7.41629 50.4305 11.4213 31.1008 14.3277 61.8958 16.4268 60.1772 49.5961 
78.3403 32.5442 17.4877 49.1814 33.232 59.9531 99.3923 18.1196 56.4777 16.8733 
71.0203 44.3708 43.2564 12.7801 60.2918 37.8153 57.5899 37.4021 9.67351 34.8441 
77.7038 1.60338 9.35512 41.4602 20.9561 85.5974 69.8917 60.8188 11.5838 54.4839 
9.08145 48.9904 95.959 28.6552 88.3483 95.8744 43.1633 65.7946 22.7022 78.2142 
2.04321 23.1986 18.3575 72.5711 81.4297 73.3987 16.1788 78.7734 11.4659 87.4438 
33.0696 23.518 62.5894 27.5348 53.3145 55.5595 6.34974 7.35686 78.4029 64.7467 
4.95907 1.54362 27.9148 32.4162 29.1878 43.1514 30.0723 96.8948 58.6818 47.1772 
97.0602 72.1415 83.1091 52.7461 22.3232 85.3717 76.507 28.364 22.3313 65.7405 
26.6058 15.958 53.7654 75.959 24.5816 89.8964 2.30836 62.276 44.7903 53.0528 
89.812 60.4708 82.6659 49.1789 52.3392 73.8381 21.1554 95.2818 18.2372 63.0127 
8.07866 98.1751 18.6022 12.5397 19.7485 84.1047 94.2015 88.8534 55.4431 50.454 
31.7163 51.4376 49.2325 48.5315 60.3763 83.1209 91.3595 94.598 76.638 2.12646 
50.1661 78.4291 52.9847 37.7438 86.4782 17.8541 31.5826 72.6015 28.7453 94.3265 
28.0449 2.06307 4.27361 84.4776 48.5508 91.154 30.8255 81.421 25.8466 12.9954 
43.0339 56.419 34.1357 76.0232 71.5436 24.4957 3.53646 12.9807 53.1347 60.2945 
50.5822 42.0948 45.3601 13.5896 71.6942 89.9474 26.2714 23.8505 36.887 73.7577 
35.7565 95.9549 43.636 42.8481 51.0744 46.9796 55.1186 58.5439 17.2302 47.5109 
98.6064 18.2975 12.5895 90.6335 34.6842 3.82985 40.11 38.4041 99.317 97.1301 
68.3489 6.98535 80.6801 30.765 2.68587 13.7036 79.7668 40.8608 20.4668 97.7163 
71.1164 25.9531 50.8997 51.7819 74.824 45.1967 44.5409 35.3625 71.474 3.18092 
5.17511 51.094 28.181 49.9695 64.6043 82.6576 96.9983 9.60071 37.6622 21.7404 
89.2267 20.2087 76.8325 15.0102 78.3984 41.8024 69.3578 60.33 16.0913 44.3858 
40.3576 99.6087 42.5133 22.1136 22.2757 57.0481 77.2637 24.4282 14.0926 49.5876 
3.64 97.4324 7.12074 99.0198 16.4542 3.5696 35.6266 59.4277 64.1698 31.1237 
70.2669 35.3919 48.5425 75.5886 68.0782 80.1232 13.2954 70.0928 8.2902 46.5141 
39.4799 60.3353 54.9517 70.389 1.70313 63.9468 70.5336 72.3505 68.0152 54.4668 
94.089 91.0778 41.6946 97.4853 92.2276 15.8204 2.54515 52.2175 21.4376 51.4103 
91.7558 69.8602 53.5021 71.9798 75.1239 5.28988 87.0773 43.0142 73.9119 60.4381 
13.2732 93.0232 31.6061 50.0374 39.9391 75.22 14.8361 91.4877 56.3084 92.6489 
35.8005 90.9927 33.6936 72.5388 20.9634 81.3904 84.943 10.3846 7.96387 96.1834 
32.3956 67.9292 16.0109 30.5908 29.6933 67.4947 10.9804 5.69101 40.3691 11.0469 
78.2311 78.7455 73.7281 31.4461 36.7366 52.6062 53.2803 25.2032 30.3718 7.44314 
98.0247 77.6838 29.348 69.1704 79.3947 6.37635 75.187 98.6357 76.0723 91.8321 
10.2277 16.5202 22.0369 47.1824 62.1908 13.7902 23.7029 43.2683 43.7556 44.9305 
71.5648 75.4497 83.1398 66.3735 46.7356 23.8217 93.0032 46.8444 77.7856 24.7627 
44.3466 89.6665 71.9541 42.8847 55.4837 28.4034 29.2201 43.4624 30.1162 49.3838 
82.4918 96.975 30.3719 96.7723 46.7587 17.5615 98.4716 16.5104 88.6584 77.4721 
26.0476 86.3006 24.4894 26.9698 45.9323 27.4861 74.8068 63.5117 98.9637 23.1588 
50.7127 71.9356 58.8845 64.9132 13.8359 98.0933 69.1422 59.3817 79.1581 67.3896 
56.2511 38.5405 14.8633 90.4423 39.4512 4.82833 96.0876 29.1051 0.874282 68.557 
32.771 62.856 50.8119 6.02666 94.8154 27.7257 73.5444 98.6793 49.622 63.3236 
98.5476 65.6699 43.3173 90.8302 42.658 49.266 78.972 15.8209 43.5708 83.5211 
0.017206 7.91225 94.2406 69.6333 99.7538 71.1619 35.8775 7.18331 27.4581 91.1947 
29.0599 61.9456 80.8611 83.1646 22.9601 31.5421 60.6469 88.6735 79.1616 55.6819 
93.5546 35.5164 44.3486 68.0665 17.9825 8.84811 3.60362 70.8067 42.0791 5.66145 
82.7226 99.7541 29.8394 16.5242 26.1406 0.469956 73.5303 2.95602 38.0927 20.2251 
52.3247 1.34066 0.704796 50.5572 12.8653 57.6473 57.7215 45.8462 13.7397 81.9007 
22.7324 24.1146 56.2601 16.6192 26.057 99.8995 79.3561 17.4111 13.02 29.0977 
10.1521 78.3488 53.9642 82.0807 71.9393 94.8183 36.2002 51.2979 89.0944 97.5825 
44.9203 84.3317 37.8748 8.85929 19.3591 19.7318 24.4033 10.4156 11.9987 15.1668 
96.0866 62.9844 55.8372 38.3549 69.713 42.2079 67.4073 47.8016 77.5545 13.1882 
55.8629 80.2982 52.2221 45.2931 46.9793 4.31668 26.9406 42.0635 85.8678 25.9709 
60.1522 49.668 59.3554 69.7358 9.7603 45.6793 55.9397 13.6059 33.8513 90.487 
17.9872 52.6059 80.8942 1.59759 36.0226 62.0598 11.7197 33.0499 1.14536 25.7714 
55.0549 86.0913 39.7774 71.4402 92.1527 66.7834 48.0918 59.2084 23.8402 9.94512 
75.0478 99.2365 46.3509 85.7648 56.1678 9.01328 47.0075 53.6582 75.7522 87.5763 
2.19347 63.109 52.5177 89.3589 76.0611 88.3349 71.7597 27.1086 44.8279 80.2601 
32.3783 29.0707 77.5599 92.6029 40.02 20.5716 42.7608 28.5539 2.82226 72.2863 
57.3112 23.763 77.0526 62.2223 67.2351 6.78778 55.5743 80.8948 30.6701 19.6003 
23.1659 16.1287 7.31556 67.8196 31.4366 52.0228 17.7683 35.9972 49.3833 7.39894 
91.4898 81.1343 7.50302 33.5863 36.4118 93.3738 72.0474 87.2144 79.6901 69.0147 
88.2094 93.1101 65.5398 90.5391 22.0337 54.0613 84.5931 75.7518 17.098 43.9946 
58.0415 7.66145 29.8039 57.6606 98.4112 34.411 80.007 56.128 67.5746 65.8565 
85.8722 49.3317 86.9907 77.845 34.4409 79.9755 52.0738 95.0124 33.5399 93.1809 
38.9612 42.1814 96.3909 85.4052 7.10794 6.58404 49.6018 13.903 72.9836 78.1301 
16.9758 77.491 5.35073 93.4546 30.9612 45.6383 15.351 61.6675 55.9259 27.1137 
56.0783 98.0802 18.2159 96.9881 92.8311 77.4428 98.8139 72.4496 5.16579 27.866 
95.8964 79.3641 60.5283 12.6633 14.2921 28.4897 76.9263 32.1902 74.6357 45.9462 
15.4694 83.4029 75.7943 90.946 74.8265 38.7308 58.5096 28.0118 48.8966 70.6644 
39.4809 96.7311 17.8586 63.1764 47.8358 31.2632 7.47103 96.6743 47.4466 82.7355 
24.3198 37.8927 68.9778 53.2319 98.6952 9.37576 84.4177 44.672 4.51578 48.548 
36.0749 68.252 23.2928 33.3091 78.7114 61.8799 47.9323 89.4015 55.9783 98.9075 
52.8314 52.8109 76.8813 19.3386 90.8537 14.3314 99.4546 19.2119 21.7257 23.5965 
84.7596 8.38253 29.6614 90.8485 23.7106 16.2618 81.2162 57.2591 14.9537 68.5818 
89.0747 66.3724 59.8673 53.8648 92.5974 19.5822 45.2162 34.716 86.2625 52.9229 
35.274 21.8002 74.9904 45.9606 54.156 12.0413 21.2112 45.0273 97.2368 93.0422 
26.2541 79.9693 30.6741 39.5028 82.0195 41.9271 16.9491 63.2605 27.064 25.6733 
17.9714 30.9595 20.0721 0.751116 54.6311 52.5994 42.5474 66.932 69.7321 29.9692 
59.3479 24.4157 74.2533 64.9512 97.2271 65.972 43.8038 93.1846 1.63837 14.0553 
45.9163 71.1999 30.8735 50.4093 59.4303 36.6883 35.125 89.4726 69.5694 82.3089 
41.7677 70.6192 62.4666 81.3858 44.2451 33.5328 55.7306 54.2555 16.9155 25.2482 
74.5984 19.5747 59.3689 2.06868 20.2685 69.6647 67.654 91.2949 21.0545 53.2657 
73.4689 38.8863 28.3091 22.0644 48.6334 40.0646 28.1612 69.7122 43.3562 99.1007 
